PCOLAINTERFACE:
	add:
		[1.315000057220459, 2.926999807357788, 4.733000040054321, 7.215000152587891, 8.941999912261963]
		[1.0699999332427979, 3.0400002002716064, 5.0899999141693115, 7.569999933242798, 9.570000171661377]
		[1.121999979019165, 3.128999948501587, 5.079999923706055, 7.427000045776367, 9.58299994468689]
		[1.121999979019165, 3.121999979019165, 5.107000112533569, 7.361999988555908, 9.621999979019165]
		[1.0829999446868896, 3.0810000896453857, 5.04200005531311, 7.309000015258789, 9.44700002670288]
	search:
		[1.1119999885559082, 4.082000017166138, 8.741999864578247, 17.05400013923645, 26.63700008392334]
		[1.1399998664855957, 4.180000066757202, 9.259999990463257, 16.710000038146973, 26.69099998474121]
		[1.1589999198913574, 4.113999843597412, 9.265000104904175, 16.62000012397766, 26.072999954223633]
		[1.1339998245239258, 4.141000032424927, 9.200000047683716, 16.527999877929688, 26.18499994277954]
		[1.1449999809265137, 4.224999904632568, 9.371000051498413, 16.74399995803833, 26.06600022315979]

COLAINTERFACE:
	add:
		[0.6399998664855957, 1.75, 2.759999990463257, 3.880000114440918, 5.099999904632568]
		[0.6700000762939453, 1.7799999713897705, 2.930000066757202, 4.049999952316284, 5.240000009536743]
		[0.6500000953674316, 1.7760000228881836, 2.9609999656677246, 4.071000099182129, 5.315999984741211]
		[0.7049999237060547, 1.8320000171661377, 3.0900001525878906, 4.194000005722046, 5.448999881744385]
		[0.7100000381469727, 1.8399999141693115, 2.9600000381469727, 4.139999866485596, 5.462000131607056]
	search:
		[0.6700000762939453, 2.309999942779541, 5.170000076293945, 9.230000019073486, 15.059999942779541]
		[0.7300000190734863, 2.3899998664855957, 5.329999923706055, 9.410000085830688, 14.824000120162964]
		[0.6889998912811279, 2.376000165939331, 5.260999917984009, 9.245000123977661, 14.404000043869019]
		[0.748999834060669, 2.569999933242798, 5.61299991607666, 9.793999910354614, 15.309000015258789]
		[0.7389998435974121, 2.5230000019073486, 5.56499981880188, 9.496000051498413, 14.85699987411499]