SEARCHING COSTS:[0,6969997882843018; 0,6590001583099365; 0,6640000343322754; 0,6600000858306885; 0,748999834060669]
ADDING COSTS:[0,6919999122619629; 0,7039999961853027; 0,7049999237060547; 0,6729998588562012; 0,7039999961853027]
REMOVING COSTS:[0,08300018310546875; 0,09099984169006348; 0,09200000762939453; 0,09100008010864258; 0,09200000762939453]

SEARCHING COSTS:[0,6520001888275146; 0,685999870300293; 0,6619999408721924; 0,6510000228881836; 0,6429998874664307]
ADDING COSTS:[0,6269998550415039; 0,679999828338623; 0,7139999866485596; 0,6629998683929443; 0,687999963760376]
REMOVING COSTS:[0,08299994468688965; 0,09000015258789062; 0,09000015258789062; 0,09100008010864258; 0,09000015258789062]

SEARCHING COSTS:[0,6310000419616699; 0,6620001792907715; 0,6740000247955322; 0,687999963760376; 0,6660001277923584]
ADDING COSTS:[0,625999927520752; 0,6740000247955322; 0,7039999961853027; 0,6779999732971191; 0,7050001621246338]
REMOVING COSTS:[0,08299994468688965; 0,08999991416931152; 0,09200000762939453; 0,09399986267089844; 0,09399986267089844]

SEARCHING COSTS:[0,6150000095367432; 0,6570000648498535; 0,6600000858306885; 0,6599998474121094; 0,6429998874664307]
ADDING COSTS:[0,6230001449584961; 0,6660001277923584; 0,6960000991821289; 0,6769998073577881; 0,6919999122619629]
REMOVING COSTS:[0,08499979972839355; 0,08999991416931152; 0,08999991416931152; 0,09300017356872559; 0,09200000762939453]

SEARCHING COSTS:[0,6180000305175781; 0,6629998683929443; 0,6649999618530273; 0,6559998989105225; 0,6409997940063477]
ADDING COSTS:[0,626000165939331; 0,6719999313354492; 0,6990001201629639; 0,6640000343322754; 0,687999963760376]
REMOVING COSTS:[0,0820000171661377; 0,09100008010864258; 0,08999991416931152; 0,09100008010864258; 0,09000015258789062]
